# oST version 5.0 parameters


[image]

width
1280

height
800

[narrow_stereo/left]

camera matrix
1116.394978 0.000000 562.639857
0.000000 1114.060786 438.193612
0.000000 0.000000 1.000000

distortion
0.112429 -0.333443 -0.001560 0.002232 0.000000

rectification
1.000000 0.000000 0.000000
0.000000 1.000000 0.000000
0.000000 0.000000 1.000000

projection
1112.890625 0.000000 558.734613 0.000000
0.000000 1124.388672 436.936055 0.000000
0.000000 0.000000 1.000000 0.000000

